4966 -338.131549855 80.0343989313 -258.097150924
4967 -338.366956768 80.2696930366 -258.097263731
4968 -338.637690372 80.5403216814 -258.097368691
4969 -338.942011634 80.8445277015 -258.097483932
4970 -339.277877152 81.1802218419 -258.09765531
4971 -339.642668786 81.5450273617 -258.097641425
4972 -340.033609727 81.9357476018 -258.097862125
4973 -340.446911287 82.3489350121 -258.097976275
4974 -340.878805654 82.7805677707 -258.098237883
4975 -341.32445717 83.2259355884 -258.098521582
4976 -341.779167846 83.680342343 -258.098825503
4977 -342.238204734 84.1389894218 -258.099215312
4978 -342.696475633 84.5969276893 -258.099547944
4979 -343.148630397 85.0488403744 -258.099790023
4980 -343.589710267 85.4894646376 -258.100245629
4981 -344.014105512 85.9135448622 -258.10056065
4982 -344.416784141 86.3158833542 -258.100900787
4983 -344.793115125 86.6918822489 -258.101232876
4984 -345.138461593 87.0369750446 -258.101486549
4985 -345.448537816 87.3468247938 -258.101713022
4986 -345.720105196 87.6183433917 -258.101761804
4987 -345.950374754 87.848484498 -258.101890256
4988 -346.136201244 88.0341998765 -258.102001368
4989 -346.275998838 88.173797544 -258.102201294
4990 -346.368372556 88.2660922622 -258.102280294
4991 -346.41239077 88.3100940497 -258.10229672
4992 -346.40773694 88.3054682514 -258.102268688
4993 -346.354895494 88.2527745169 -258.102120977
4994 -346.255436086 88.1534815366 -258.10195455
4995 -346.111538193 88.0098064215 -258.101731772
4996 -345.925929288 87.8243792106 -258.101550077
4997 -345.701821543 87.6004407746 -258.101380768
4998 -345.443078557 87.3419662265 -258.10111233
4999 -345.154281629 87.0534841625 -258.100797467
